base_res:
- 1280
- 720
camera_matrix:
- - 762.0943408642049
  - 0.0
  - 617.7109407275938
- - 0.0
  - 760.1868142954443
  - 353.1858794554058
- - 0.0
  - 0.0
  - 1.0
dist_coefs:
- - -0.35657622451004173
  - 0.15948878855302165
  - -0.0027996970536529678
  - 0.0005069043355896453
  - -0.03837920203383229
rms: 0.970909312850425
